participant_id,trial_index,task,mapping,phase,block,target_pos_x,target_pos_y,timestamp,current_pos_x,current_pos_y,left_button_pressed,middle_button_pressed,right_button_pressed
7ad,153,avoiding,direct,Training,2,-26.05,-564.89,7.745,-40.0,-795.0,0,0,0
7ad,153,avoiding,direct,Training,2,-26.05,-564.89,7.761,-40.0,-795.0,0,0,0
7ad,153,avoiding,direct,Training,2,-26.05,-564.89,7.78,-40.0,-795.0,0,0,0
7ad,153,avoiding,direct,Training,2,-26.05,-564.89,7.796,-40.0,-795.0,0,0,0
7ad,153,avoiding,direct,Training,2,-26.05,-564.89,7.811,-40.0,-795.0,0,0,0
7ad,153,avoiding,direct,Training,2,-26.05,-564.89,7.828,-40.0,-795.0,0,0,0
7ad,153,avoiding,direct,Training,2,-26.05,-564.89,7.845,-40.0,-795.0,0,0,0
7ad,153,avoiding,direct,Training,2,-26.05,-564.89,7.861,-40.0,-795.0,0,0,0
7ad,153,avoiding,direct,Training,2,-26.05,-564.89,7.878,-40.0,-795.0,0,0,0
7ad,153,avoiding,direct,Training,2,-26.05,-564.89,7.895,-40.0,-795.0,0,0,0
7ad,153,avoiding,direct,Training,2,-26.05,-564.89,7.913,-40.0,-795.0,0,0,0
7ad,153,avoiding,direct,Training,2,-26.05,-564.89,7.928,-40.0,-795.0,0,0,0
7ad,153,avoiding,direct,Training,2,-26.05,-564.89,7.945,-40.0,-795.0,0,0,0
7ad,153,avoiding,direct,Training,2,-26.05,-564.89,7.961,-40.0,-795.0,0,0,0
7ad,153,avoiding,direct,Training,2,-26.05,-564.89,7.978,-40.0,-795.0,0,0,0
7ad,153,avoiding,direct,Training,2,-26.05,-564.89,7.995,-40.0,-795.0,0,0,0
7ad,153,avoiding,direct,Training,2,-26.05,-564.89,8.011,-40.0,-795.0,0,0,0
7ad,153,avoiding,direct,Training,2,-26.05,-564.89,8.028,-40.0,-795.0,0,0,0
7ad,153,avoiding,direct,Training,2,-26.05,-564.89,8.045,-40.0,-795.0,0,0,0
7ad,153,avoiding,direct,Training,2,-26.05,-564.89,8.061,-40.0,-795.0,0,0,0
7ad,153,avoiding,direct,Training,2,-26.05,-564.89,8.078,-40.0,-795.0,0,0,0
7ad,153,avoiding,direct,Training,2,-26.05,-564.89,8.095,-40.0,-795.0,0,0,0
7ad,153,avoiding,direct,Training,2,-26.05,-564.89,8.111,-40.0,-795.0,0,0,0
7ad,153,avoiding,direct,Training,2,-26.05,-564.89,8.128,-40.0,-795.0,0,0,0
7ad,153,avoiding,direct,Training,2,-26.05,-564.89,8.145,-40.0,-795.0,0,0,0
7ad,153,avoiding,direct,Training,2,-26.05,-564.89,8.161,-40.0,-795.0,0,0,0
7ad,153,avoiding,direct,Training,2,-26.05,-564.89,8.178,-40.0,-795.0,0,0,0
7ad,153,avoiding,direct,Training,2,-26.05,-564.89,8.195,-40.0,-795.0,0,0,0
7ad,153,avoiding,direct,Training,2,-26.05,-564.89,8.211,-40.0,-795.0,0,0,0
7ad,153,avoiding,direct,Training,2,-26.05,-564.89,8.228,-40.0,-795.0,0,0,0
7ad,153,avoiding,direct,Training,2,-26.05,-564.89,8.245,-40.0,-795.0,0,0,0
7ad,153,avoiding,direct,Training,2,-26.05,-564.89,8.261,-40.0,-795.0,0,0,0
7ad,153,avoiding,direct,Training,2,-26.05,-564.89,8.278,-40.0,-795.0,0,0,0
7ad,153,avoiding,direct,Training,2,-26.05,-564.89,8.296,-40.0,-795.0,0,0,0
7ad,153,avoiding,direct,Training,2,-26.05,-564.89,8.311,-40.0,-795.0,0,0,0
7ad,153,avoiding,direct,Training,2,-26.05,-564.89,8.328,-40.0,-795.0,0,0,0
7ad,153,avoiding,direct,Training,2,-26.05,-564.89,8.345,-40.0,-795.0,0,0,0
7ad,153,avoiding,direct,Training,2,-26.05,-564.89,8.361,-40.0,-795.0,0,0,0
7ad,153,avoiding,direct,Training,2,-26.05,-564.89,8.378,-40.0,-795.0,0,0,0
7ad,153,avoiding,direct,Training,2,-26.05,-564.89,8.395,-40.0,-795.0,0,0,0
7ad,153,avoiding,direct,Training,2,-26.05,-564.89,8.412,-40.0,-796.0,0,0,0
7ad,153,avoiding,direct,Training,2,-26.05,-564.89,8.43,-40.0,-796.0,0,0,0
7ad,153,avoiding,direct,Training,2,-26.05,-564.89,8.445,-40.0,-796.0,0,0,0
7ad,153,avoiding,direct,Training,2,-26.05,-564.89,8.461,-40.0,-796.0,0,0,0
7ad,153,avoiding,direct,Training,2,-26.05,-564.89,8.478,-40.0,-796.0,0,0,0
7ad,153,avoiding,direct,Training,2,-26.05,-564.89,8.495,-40.0,-796.0,0,0,0
7ad,153,avoiding,direct,Training,2,-26.05,-564.89,8.511,-40.0,-796.0,0,0,0
7ad,153,avoiding,direct,Training,2,-26.05,-564.89,8.528,-40.0,-796.0,0,0,0
7ad,153,avoiding,direct,Training,2,-26.05,-564.89,8.545,-40.0,-796.0,0,0,0
7ad,153,avoiding,direct,Training,2,-26.05,-564.89,8.561,-40.0,-796.0,0,0,0
7ad,153,avoiding,direct,Training,2,-26.05,-564.89,8.578,-40.0,-796.0,0,0,0
7ad,153,avoiding,direct,Training,2,-26.05,-564.89,8.595,-40.0,-796.0,0,0,0
7ad,153,avoiding,direct,Training,2,-26.05,-564.89,8.613,-40.0,-796.0,0,0,0
7ad,153,avoiding,direct,Training,2,-26.05,-564.89,8.628,-40.0,-796.0,0,0,0
7ad,153,avoiding,direct,Training,2,-26.05,-564.89,8.645,-40.0,-796.0,0,0,0
7ad,153,avoiding,direct,Training,2,-26.05,-564.89,8.661,-40.0,-796.0,0,0,0
7ad,153,avoiding,direct,Training,2,-26.05,-564.89,8.68,-40.0,-796.0,0,0,0
7ad,153,avoiding,direct,Training,2,-26.05,-564.89,8.695,-40.0,-796.0,0,0,0
7ad,153,avoiding,direct,Training,2,-26.05,-564.89,8.711,-40.0,-796.0,0,0,0
7ad,153,avoiding,direct,Training,2,-26.05,-564.89,8.728,-40.0,-796.0,0,0,0
7ad,153,avoiding,direct,Training,2,-26.05,-564.89,8.746,-40.0,-796.0,0,0,0
7ad,153,avoiding,direct,Training,2,-26.05,-564.89,8.761,-40.0,-796.0,0,0,0
7ad,153,avoiding,direct,Training,2,-26.05,-564.89,8.778,-40.0,-796.0,0,0,0
7ad,153,avoiding,direct,Training,2,-26.05,-564.89,8.795,-40.0,-796.0,0,0,0
7ad,153,avoiding,direct,Training,2,-26.05,-564.89,8.811,-40.0,-796.0,0,0,0
7ad,153,avoiding,direct,Training,2,-26.05,-564.89,8.828,-40.0,-796.0,0,0,0
7ad,153,avoiding,direct,Training,2,-26.05,-564.89,8.845,-40.0,-796.0,0,0,0
7ad,153,avoiding,direct,Training,2,-26.05,-564.89,8.862,-40.0,-792.0,0,0,0
7ad,153,avoiding,direct,Training,2,-26.05,-564.89,8.878,-40.0,-778.0,0,0,0
7ad,153,avoiding,direct,Training,2,-26.05,-564.89,8.895,-40.0,-755.0,0,0,0
7ad,153,avoiding,direct,Training,2,-26.05,-564.89,8.912,-40.0,-732.0,0,0,0
7ad,153,avoiding,direct,Training,2,-26.05,-564.89,8.928,-40.0,-705.0,0,0,0
7ad,153,avoiding,direct,Training,2,-26.05,-564.89,8.945,-40.0,-692.0,0,0,0
7ad,153,avoiding,direct,Training,2,-26.05,-564.89,8.962,-40.0,-681.0,0,0,0
7ad,153,avoiding,direct,Training,2,-26.05,-564.89,8.978,-40.0,-673.0,0,0,0
7ad,153,avoiding,direct,Training,2,-26.05,-564.89,8.995,-40.0,-661.0,0,0,0
7ad,153,avoiding,direct,Training,2,-26.05,-564.89,9.012,-40.0,-640.0,0,0,0
7ad,153,avoiding,direct,Training,2,-26.05,-564.89,9.028,-40.0,-622.0,0,0,0
7ad,153,avoiding,direct,Training,2,-26.05,-564.89,9.045,-40.0,-596.0,0,0,0
7ad,153,avoiding,direct,Training,2,-26.05,-564.89,9.062,-40.0,-573.0,0,0,0
7ad,153,avoiding,direct,Training,2,-26.05,-564.89,9.078,-40.0,-547.0,0,0,0
7ad,153,avoiding,direct,Training,2,-26.05,-564.89,9.095,-40.0,-522.0,0,0,0
7ad,153,avoiding,direct,Training,2,-26.05,-564.89,9.112,-40.0,-489.0,0,0,0
7ad,153,avoiding,direct,Training,2,-26.05,-564.89,9.129,-40.0,-461.0,0,0,0
7ad,153,avoiding,direct,Training,2,-26.05,-564.89,9.145,-40.0,-441.0,0,0,0
7ad,153,avoiding,direct,Training,2,-26.05,-564.89,9.162,-40.0,-419.0,0,0,0
7ad,153,avoiding,direct,Training,2,-26.05,-564.89,9.178,-40.0,-391.0,0,0,0
7ad,153,avoiding,direct,Training,2,-26.05,-564.89,9.195,-40.0,-350.0,0,0,0
7ad,153,avoiding,direct,Training,2,-26.05,-564.89,9.212,-40.0,-324.0,0,0,0
7ad,153,avoiding,direct,Training,2,-26.05,-564.89,9.234,-39.0,-289.0,0,0,0
7ad,153,avoiding,direct,Training,2,-26.05,-564.89,9.25,-39.0,-271.0,0,0,0
7ad,153,avoiding,direct,Training,2,-26.05,-564.89,9.267,-39.0,-254.0,0,0,0
7ad,153,avoiding,direct,Training,2,-26.05,-564.89,9.284,-39.0,-231.0,0,0,0
7ad,153,avoiding,direct,Training,2,-26.05,-564.89,9.3,-39.0,-192.0,0,0,0
7ad,153,avoiding,direct,Training,2,-26.05,-564.89,9.317,-40.0,-158.0,0,0,0
7ad,153,avoiding,direct,Training,2,-26.05,-564.89,9.333,-40.0,-116.0,0,0,0
7ad,153,avoiding,direct,Training,2,-26.05,-564.89,9.35,-40.0,-90.0,0,0,0
7ad,153,avoiding,direct,Training,2,-26.05,-564.89,9.367,-40.0,-70.0,0,0,0
7ad,153,avoiding,direct,Training,2,-26.05,-564.89,9.384,-40.0,-50.0,0,0,0
7ad,153,avoiding,direct,Training,2,-26.05,-564.89,9.4,-39.0,-35.0,0,0,0
7ad,153,avoiding,direct,Training,2,-26.05,-564.89,9.417,-39.0,-20.0,0,0,0
7ad,153,avoiding,direct,Training,2,-26.05,-564.89,9.433,-39.0,-10.0,0,0,0
7ad,153,avoiding,direct,Training,2,-26.05,-564.89,9.45,-39.0,-3.0,0,0,0
7ad,153,avoiding,direct,Training,2,-26.05,-564.89,9.466,-39.0,-2.0,0,0,0
7ad,153,avoiding,direct,Training,2,-26.05,-564.89,9.483,-39.0,-2.0,0,0,0
7ad,153,avoiding,direct,Training,2,-26.05,-564.89,9.5,-39.0,-2.0,0,0,0
7ad,153,avoiding,direct,Training,2,-26.05,-564.89,9.516,-39.0,-2.0,0,0,0
7ad,153,avoiding,direct,Training,2,-26.05,-564.89,9.533,-39.0,-2.0,0,0,0
7ad,153,avoiding,direct,Training,2,-26.05,-564.89,9.55,-39.0,-2.0,0,0,0
7ad,153,avoiding,direct,Training,2,-26.05,-564.89,9.566,-39.0,-2.0,0,0,0
7ad,153,avoiding,direct,Training,2,-26.05,-564.89,9.584,-39.0,-3.0,0,0,0
7ad,153,avoiding,direct,Training,2,-26.05,-564.89,9.6,-39.0,-3.0,0,0,0
7ad,153,avoiding,direct,Training,2,-26.05,-564.89,9.616,-39.0,-3.0,0,0,0
7ad,153,avoiding,direct,Training,2,-26.05,-564.89,9.633,-39.0,-3.0,0,0,0
7ad,153,avoiding,direct,Training,2,-26.05,-564.89,9.65,-39.0,-3.0,0,0,0
7ad,153,avoiding,direct,Training,2,-26.05,-564.89,9.666,-39.0,-3.0,0,0,0
7ad,153,avoiding,direct,Training,2,-26.05,-564.89,9.683,-39.0,-3.0,0,0,0
7ad,153,avoiding,direct,Training,2,-26.05,-564.89,9.7,-39.0,-3.0,0,0,0
7ad,153,avoiding,direct,Training,2,-26.05,-564.89,9.716,-39.0,-3.0,0,0,0
7ad,153,avoiding,direct,Training,2,-26.05,-564.89,9.733,-39.0,-3.0,0,0,0
7ad,153,avoiding,direct,Training,2,-26.05,-564.89,9.75,-39.0,-3.0,0,0,0
7ad,153,avoiding,direct,Training,2,-26.05,-564.89,9.766,-39.0,-3.0,0,0,0
7ad,153,avoiding,direct,Training,2,-26.05,-564.89,9.784,-38.0,-3.0,0,0,0
7ad,153,avoiding,direct,Training,2,-26.05,-564.89,9.8,-38.0,-3.0,0,0,0
7ad,153,avoiding,direct,Training,2,-26.05,-564.89,9.816,-38.0,-3.0,0,0,0
7ad,153,avoiding,direct,Training,2,-26.05,-564.89,9.833,-38.0,-3.0,0,0,0
7ad,153,avoiding,direct,Training,2,-26.05,-564.89,9.85,-38.0,-3.0,0,0,0
7ad,153,avoiding,direct,Training,2,-26.05,-564.89,9.866,-38.0,-3.0,0,0,0
7ad,153,avoiding,direct,Training,2,-26.05,-564.89,9.883,-38.0,-3.0,0,0,0
7ad,153,avoiding,direct,Training,2,-26.05,-564.89,9.9,-38.0,-3.0,0,0,0
7ad,153,avoiding,direct,Training,2,-26.05,-564.89,9.916,-38.0,-3.0,0,0,0
7ad,153,avoiding,direct,Training,2,-26.05,-564.89,9.933,-38.0,-2.0,0,0,0
7ad,153,avoiding,direct,Training,2,-26.05,-564.89,9.95,-37.0,-2.0,0,0,0
7ad,153,avoiding,direct,Training,2,-26.05,-564.89,9.966,-37.0,-2.0,0,0,0
7ad,153,avoiding,direct,Training,2,-26.05,-564.89,9.983,-37.0,-2.0,0,0,0
7ad,153,avoiding,direct,Training,2,-26.05,-564.89,10.0,-37.0,-2.0,0,0,0
7ad,153,avoiding,direct,Training,2,-26.05,-564.89,10.016,-37.0,-2.0,0,0,0
7ad,153,avoiding,direct,Training,2,-26.05,-564.89,10.028,-37.0,-2.0,0,0,0
7ad,153,avoiding,direct,Training,2,-26.05,-564.89,10.047,-37.0,-2.0,0,0,0
7ad,153,avoiding,direct,Training,2,-26.05,-564.89,10.061,-37.0,-2.0,0,0,0
7ad,153,avoiding,direct,Training,2,-26.05,-564.89,10.078,-37.0,-2.0,0,0,0
7ad,153,avoiding,direct,Training,2,-26.05,-564.89,10.095,-37.0,-2.0,0,0,0
7ad,153,avoiding,direct,Training,2,-26.05,-564.89,10.112,-38.0,-3.0,0,0,0
7ad,153,avoiding,direct,Training,2,-26.05,-564.89,10.128,-38.0,-3.0,0,0,0
7ad,153,avoiding,direct,Training,2,-26.05,-564.89,10.145,-38.0,-3.0,0,0,0
7ad,153,avoiding,direct,Training,2,-26.05,-564.89,10.162,-38.0,-3.0,0,0,0
7ad,153,avoiding,direct,Training,2,-26.05,-564.89,10.178,-38.0,-3.0,0,0,0
7ad,153,avoiding,direct,Training,2,-26.05,-564.89,10.195,-38.0,-3.0,0,0,0
7ad,153,avoiding,direct,Training,2,-26.05,-564.89,10.211,-38.0,-3.0,0,0,0
7ad,153,avoiding,direct,Training,2,-26.05,-564.89,10.228,-38.0,-3.0,0,0,0
7ad,153,avoiding,direct,Training,2,-26.05,-564.89,10.245,-38.0,-3.0,0,0,0
7ad,153,avoiding,direct,Training,2,-26.05,-564.89,10.262,-38.0,-3.0,0,0,0
7ad,153,avoiding,direct,Training,2,-26.05,-564.89,10.278,-38.0,-3.0,0,0,0
7ad,153,avoiding,direct,Training,2,-26.05,-564.89,10.295,-38.0,-3.0,0,0,0
7ad,153,avoiding,direct,Training,2,-26.05,-564.89,10.313,-38.0,-3.0,0,0,0
7ad,153,avoiding,direct,Training,2,-26.05,-564.89,10.33,-38.0,-3.0,0,0,0
7ad,153,avoiding,direct,Training,2,-26.05,-564.89,10.345,-38.0,-3.0,0,0,0
7ad,153,avoiding,direct,Training,2,-26.05,-564.89,10.361,-38.0,-3.0,0,0,0
7ad,153,avoiding,direct,Training,2,-26.05,-564.89,10.378,-38.0,-3.0,0,0,0
7ad,153,avoiding,direct,Training,2,-26.05,-564.89,10.395,-38.0,-3.0,0,0,0
7ad,153,avoiding,direct,Training,2,-26.05,-564.89,10.413,-38.0,-3.0,0,0,0
7ad,153,avoiding,direct,Training,2,-26.05,-564.89,10.428,-38.0,-3.0,0,0,0
7ad,153,avoiding,direct,Training,2,-26.05,-564.89,10.445,-38.0,-3.0,0,0,0
7ad,153,avoiding,direct,Training,2,-26.05,-564.89,10.461,-38.0,-3.0,0,0,0
7ad,153,avoiding,direct,Training,2,-26.05,-564.89,10.478,-38.0,-3.0,0,0,0
7ad,153,avoiding,direct,Training,2,-26.05,-564.89,10.495,-38.0,-3.0,0,0,0
7ad,153,avoiding,direct,Training,2,-26.05,-564.89,10.511,-38.0,-3.0,0,0,0
7ad,153,avoiding,direct,Training,2,-26.05,-564.89,10.529,-39.0,-3.0,0,0,0
7ad,153,avoiding,direct,Training,2,-26.05,-564.89,10.545,-39.0,-3.0,0,0,0
7ad,153,avoiding,direct,Training,2,-26.05,-564.89,10.561,-39.0,-3.0,0,0,0
7ad,153,avoiding,direct,Training,2,-26.05,-564.89,10.578,-39.0,-3.0,0,0,0
7ad,153,avoiding,direct,Training,2,-26.05,-564.89,10.595,-39.0,-3.0,0,0,0
7ad,153,avoiding,direct,Training,2,-26.05,-564.89,10.613,-39.0,-3.0,0,0,0
7ad,153,avoiding,direct,Training,2,-26.05,-564.89,10.628,-39.0,-3.0,0,0,0
7ad,153,avoiding,direct,Training,2,-26.05,-564.89,10.645,-39.0,-3.0,0,0,0
7ad,153,avoiding,direct,Training,2,-26.05,-564.89,10.662,-39.0,-3.0,0,0,0
7ad,153,avoiding,direct,Training,2,-26.05,-564.89,10.678,-39.0,-3.0,0,0,0
7ad,153,avoiding,direct,Training,2,-26.05,-564.89,10.697,-39.0,-3.0,0,0,0
7ad,153,avoiding,direct,Training,2,-26.05,-564.89,10.711,-39.0,-3.0,0,0,0
7ad,153,avoiding,direct,Training,2,-26.05,-564.89,10.728,-39.0,-3.0,0,0,0
7ad,153,avoiding,direct,Training,2,-26.05,-564.89,10.745,-39.0,-3.0,0,0,0
7ad,153,avoiding,direct,Training,2,-26.05,-564.89,10.761,-39.0,-3.0,0,0,0
7ad,153,avoiding,direct,Training,2,-26.05,-564.89,10.778,-39.0,-3.0,0,0,0
7ad,153,avoiding,direct,Training,2,-26.05,-564.89,10.797,-39.0,-3.0,0,0,0
7ad,153,avoiding,direct,Training,2,-26.05,-564.89,10.813,-39.0,-3.0,0,0,0
7ad,153,avoiding,direct,Training,2,-26.05,-564.89,10.828,-39.0,-3.0,0,0,0
7ad,153,avoiding,direct,Training,2,-26.05,-564.89,10.845,-39.0,-3.0,0,0,0
7ad,153,avoiding,direct,Training,2,-26.05,-564.89,10.862,-39.0,-3.0,0,0,0
7ad,153,avoiding,direct,Training,2,-26.05,-564.89,10.878,-39.0,-3.0,0,0,0
7ad,153,avoiding,direct,Training,2,-26.05,-564.89,10.896,-39.0,-1.0,0,0,0
7ad,153,avoiding,direct,Training,2,-26.05,-564.89,10.912,-39.0,5.0,0,0,0
7ad,153,avoiding,direct,Training,2,-26.05,-564.89,10.929,-39.0,20.0,0,0,0
7ad,153,avoiding,direct,Training,2,-26.05,-564.89,10.945,-39.0,35.0,0,0,0
7ad,153,avoiding,direct,Training,2,-26.05,-564.89,10.962,-39.0,51.0,0,0,0
7ad,153,avoiding,direct,Training,2,-26.05,-564.89,10.979,-39.0,68.0,0,0,0
7ad,153,avoiding,direct,Training,2,-26.05,-564.89,10.995,-39.0,90.0,0,0,0
7ad,153,avoiding,direct,Training,2,-26.05,-564.89,11.013,-39.0,106.0,0,0,0
7ad,153,avoiding,direct,Training,2,-26.05,-564.89,11.029,-39.0,122.0,0,0,0
7ad,153,avoiding,direct,Training,2,-26.05,-564.89,11.047,-39.0,143.0,0,0,0
7ad,153,avoiding,direct,Training,2,-26.05,-564.89,11.062,-39.0,160.0,0,0,0
7ad,153,avoiding,direct,Training,2,-26.05,-564.89,11.079,-40.0,188.0,0,0,0
7ad,153,avoiding,direct,Training,2,-26.05,-564.89,11.097,-40.0,212.0,0,0,0
7ad,153,avoiding,direct,Training,2,-26.05,-564.89,11.112,-40.0,239.0,0,0,0
7ad,153,avoiding,direct,Training,2,-26.05,-564.89,11.129,-40.0,262.0,0,0,0
7ad,153,avoiding,direct,Training,2,-26.05,-564.89,11.145,-40.0,284.0,0,0,0
7ad,153,avoiding,direct,Training,2,-26.05,-564.89,11.162,-40.0,295.0,0,0,0
7ad,153,avoiding,direct,Training,2,-26.05,-564.89,11.179,-40.0,303.0,0,0,0
7ad,153,avoiding,direct,Training,2,-26.05,-564.89,11.196,-40.0,306.0,0,0,0
7ad,153,avoiding,direct,Training,2,-26.05,-564.89,11.212,-40.0,308.0,0,0,0
7ad,153,avoiding,direct,Training,2,-26.05,-564.89,11.229,-40.0,309.0,0,0,0
7ad,153,avoiding,direct,Training,2,-26.05,-564.89,11.245,-40.0,309.0,0,0,0
7ad,153,avoiding,direct,Training,2,-26.05,-564.89,11.262,-40.0,309.0,0,0,0
7ad,153,avoiding,direct,Training,2,-26.05,-564.89,11.278,-40.0,309.0,0,0,0
7ad,153,avoiding,direct,Training,2,-26.05,-564.89,11.295,-40.0,309.0,0,0,0
7ad,153,avoiding,direct,Training,2,-26.05,-564.89,11.312,-40.0,309.0,0,0,0
7ad,153,avoiding,direct,Training,2,-26.05,-564.89,11.328,-40.0,309.0,0,0,0
7ad,153,avoiding,direct,Training,2,-26.05,-564.89,11.345,-40.0,309.0,0,0,0
7ad,153,avoiding,direct,Training,2,-26.05,-564.89,11.362,-40.0,309.0,0,0,0
7ad,153,avoiding,direct,Training,2,-26.05,-564.89,11.378,-40.0,309.0,0,0,0
7ad,153,avoiding,direct,Training,2,-26.05,-564.89,11.395,-40.0,309.0,0,0,0
7ad,153,avoiding,direct,Training,2,-26.05,-564.89,11.412,-40.0,309.0,0,0,0
7ad,153,avoiding,direct,Training,2,-26.05,-564.89,11.428,-40.0,309.0,0,0,0
7ad,153,avoiding,direct,Training,2,-26.05,-564.89,11.445,-40.0,309.0,0,0,0
7ad,153,avoiding,direct,Training,2,-26.05,-564.89,11.462,-40.0,309.0,0,0,0
7ad,153,avoiding,direct,Training,2,-26.05,-564.89,11.478,-40.0,309.0,0,0,0
7ad,153,avoiding,direct,Training,2,-26.05,-564.89,11.495,-40.0,309.0,0,0,0
7ad,153,avoiding,direct,Training,2,-26.05,-564.89,11.514,-40.0,309.0,0,0,0
7ad,153,avoiding,direct,Training,2,-26.05,-564.89,11.529,-40.0,309.0,0,0,0
7ad,153,avoiding,direct,Training,2,-26.05,-564.89,11.545,-40.0,309.0,0,0,0
7ad,153,avoiding,direct,Training,2,-26.05,-564.89,11.562,-40.0,309.0,0,0,0
7ad,153,avoiding,direct,Training,2,-26.05,-564.89,11.578,-40.0,309.0,0,0,0
7ad,153,avoiding,direct,Training,2,-26.05,-564.89,11.595,-40.0,309.0,0,0,0
7ad,153,avoiding,direct,Training,2,-26.05,-564.89,11.612,-40.0,309.0,0,0,0
7ad,153,avoiding,direct,Training,2,-26.05,-564.89,11.628,-40.0,309.0,0,0,0
7ad,153,avoiding,direct,Training,2,-26.05,-564.89,11.645,-40.0,309.0,0,0,0
7ad,153,avoiding,direct,Training,2,-26.05,-564.89,11.662,-40.0,309.0,0,0,0
7ad,153,avoiding,direct,Training,2,-26.05,-564.89,11.679,-40.0,309.0,0,0,0
7ad,153,avoiding,direct,Training,2,-26.05,-564.89,11.695,-40.0,309.0,0,0,0
7ad,153,avoiding,direct,Training,2,-26.05,-564.89,11.712,-40.0,309.0,0,0,0
7ad,153,avoiding,direct,Training,2,-26.05,-564.89,11.728,-40.0,309.0,0,0,0
7ad,153,avoiding,direct,Training,2,-26.05,-564.89,11.746,-39.0,309.0,0,0,0
7ad,153,avoiding,direct,Training,2,-26.05,-564.89,11.762,-39.0,309.0,0,0,0
7ad,153,avoiding,direct,Training,2,-26.05,-564.89,11.779,-39.0,309.0,0,0,0
7ad,153,avoiding,direct,Training,2,-26.05,-564.89,11.795,-39.0,309.0,0,0,0
7ad,153,avoiding,direct,Training,2,-26.05,-564.89,11.812,-39.0,309.0,0,0,0
7ad,153,avoiding,direct,Training,2,-26.05,-564.89,11.833,-39.0,309.0,0,0,0
7ad,153,avoiding,direct,Training,2,-26.05,-564.89,11.846,-39.0,309.0,0,0,0
7ad,153,avoiding,direct,Training,2,-26.05,-564.89,11.867,-39.0,309.0,0,0,0
7ad,153,avoiding,direct,Training,2,-26.05,-564.89,11.883,-39.0,309.0,0,0,0
7ad,153,avoiding,direct,Training,2,-26.05,-564.89,11.9,-39.0,309.0,0,0,0
7ad,153,avoiding,direct,Training,2,-26.05,-564.89,11.917,-39.0,309.0,0,0,0
7ad,153,avoiding,direct,Training,2,-26.05,-564.89,11.933,-39.0,309.0,0,0,0
7ad,153,avoiding,direct,Training,2,-26.05,-564.89,11.95,-39.0,309.0,0,0,0
7ad,153,avoiding,direct,Training,2,-26.05,-564.89,11.967,-39.0,309.0,0,0,0
7ad,153,avoiding,direct,Training,2,-26.05,-564.89,11.983,-39.0,309.0,0,0,0
7ad,153,avoiding,direct,Training,2,-26.05,-564.89,12.0,-39.0,309.0,0,0,0
7ad,153,avoiding,direct,Training,2,-26.05,-564.89,12.017,-39.0,309.0,0,0,0
7ad,153,avoiding,direct,Training,2,-26.05,-564.89,12.033,-39.0,309.0,0,0,0
7ad,153,avoiding,direct,Training,2,-26.05,-564.89,12.05,-39.0,309.0,0,0,0
7ad,153,avoiding,direct,Training,2,-26.05,-564.89,12.067,-39.0,309.0,0,0,0
7ad,153,avoiding,direct,Training,2,-26.05,-564.89,12.083,-39.0,309.0,0,0,0
7ad,153,avoiding,direct,Training,2,-26.05,-564.89,12.1,-39.0,309.0,0,0,0
7ad,153,avoiding,direct,Training,2,-26.05,-564.89,12.117,-39.0,309.0,0,0,0
7ad,153,avoiding,direct,Training,2,-26.05,-564.89,12.131,-39.0,309.0,0,0,0
7ad,153,avoiding,direct,Training,2,-26.05,-564.89,12.15,-39.0,309.0,0,0,0
7ad,153,avoiding,direct,Training,2,-26.05,-564.89,12.167,-39.0,309.0,0,0,0
7ad,153,avoiding,direct,Training,2,-26.05,-564.89,12.183,-39.0,309.0,0,0,0
7ad,153,avoiding,direct,Training,2,-26.05,-564.89,12.2,-39.0,309.0,0,0,0
7ad,153,avoiding,direct,Training,2,-26.05,-564.89,12.217,-39.0,309.0,0,0,0
7ad,153,avoiding,direct,Training,2,-26.05,-564.89,12.233,-39.0,309.0,0,0,0
7ad,153,avoiding,direct,Training,2,-26.05,-564.89,12.25,-39.0,309.0,0,0,0
7ad,153,avoiding,direct,Training,2,-26.05,-564.89,12.267,-39.0,309.0,0,0,0
7ad,153,avoiding,direct,Training,2,-26.05,-564.89,12.283,-39.0,309.0,0,0,0
7ad,153,avoiding,direct,Training,2,-26.05,-564.89,12.3,-39.0,309.0,0,0,0
7ad,153,avoiding,direct,Training,2,-26.05,-564.89,12.317,-39.0,309.0,0,0,0
7ad,153,avoiding,direct,Training,2,-26.05,-564.89,12.333,-39.0,309.0,0,0,0
7ad,153,avoiding,direct,Training,2,-26.05,-564.89,12.35,-39.0,309.0,0,0,0
7ad,153,avoiding,direct,Training,2,-26.05,-564.89,12.367,-39.0,309.0,0,0,0
7ad,153,avoiding,direct,Training,2,-26.05,-564.89,12.383,-39.0,309.0,0,0,0
7ad,153,avoiding,direct,Training,2,-26.05,-564.89,12.4,-39.0,309.0,0,0,0
7ad,153,avoiding,direct,Training,2,-26.05,-564.89,12.417,-39.0,309.0,0,0,0
7ad,153,avoiding,direct,Training,2,-26.05,-564.89,12.433,-39.0,309.0,0,0,0
7ad,153,avoiding,direct,Training,2,-26.05,-564.89,12.45,-39.0,309.0,0,0,0
7ad,153,avoiding,direct,Training,2,-26.05,-564.89,12.467,-39.0,309.0,0,0,0
7ad,153,avoiding,direct,Training,2,-26.05,-564.89,12.483,-39.0,309.0,0,0,0
7ad,153,avoiding,direct,Training,2,-26.05,-564.89,12.5,-39.0,309.0,0,0,0
7ad,153,avoiding,direct,Training,2,-26.05,-564.89,12.517,-39.0,309.0,0,0,0
7ad,153,avoiding,direct,Training,2,-26.05,-564.89,12.533,-39.0,309.0,0,0,0
7ad,153,avoiding,direct,Training,2,-26.05,-564.89,12.55,-39.0,309.0,0,0,0
7ad,153,avoiding,direct,Training,2,-26.05,-564.89,12.567,-39.0,309.0,0,0,0
7ad,153,avoiding,direct,Training,2,-26.05,-564.89,12.583,-39.0,309.0,0,0,0
7ad,153,avoiding,direct,Training,2,-26.05,-564.89,12.6,-39.0,309.0,0,0,0
7ad,153,avoiding,direct,Training,2,-26.05,-564.89,12.617,-39.0,309.0,0,0,0
7ad,153,avoiding,direct,Training,2,-26.05,-564.89,12.633,-39.0,309.0,0,0,0
7ad,153,avoiding,direct,Training,2,-26.05,-564.89,12.65,-39.0,309.0,0,0,0
7ad,153,avoiding,direct,Training,2,-26.05,-564.89,12.667,-39.0,309.0,0,0,0
7ad,153,avoiding,direct,Training,2,-26.05,-564.89,12.683,-39.0,309.0,0,0,0
7ad,153,avoiding,direct,Training,2,-26.05,-564.89,12.7,-39.0,309.0,0,0,0
7ad,153,avoiding,direct,Training,2,-26.05,-564.89,12.717,-39.0,309.0,0,0,0
7ad,153,avoiding,direct,Training,2,-26.05,-564.89,12.733,-39.0,309.0,0,0,0
7ad,153,avoiding,direct,Training,2,-26.05,-564.89,12.75,-39.0,309.0,0,0,0
7ad,153,avoiding,direct,Training,2,-26.05,-564.89,12.767,-39.0,308.0,0,0,0
7ad,153,avoiding,direct,Training,2,-26.05,-564.89,12.783,-39.0,308.0,0,0,0
7ad,153,avoiding,direct,Training,2,-26.05,-564.89,12.8,-39.0,308.0,0,0,0
7ad,153,avoiding,direct,Training,2,-26.05,-564.89,12.817,-39.0,308.0,0,0,0
7ad,153,avoiding,direct,Training,2,-26.05,-564.89,12.828,-39.0,308.0,0,0,0
7ad,153,avoiding,direct,Training,2,-26.05,-564.89,12.845,-39.0,308.0,0,0,0
7ad,153,avoiding,direct,Training,2,-26.05,-564.89,12.862,-39.0,309.0,0,0,0
7ad,153,avoiding,direct,Training,2,-26.05,-564.89,12.878,-39.0,309.0,0,0,0
7ad,153,avoiding,direct,Training,2,-26.05,-564.89,12.895,-39.0,309.0,0,0,0
7ad,153,avoiding,direct,Training,2,-26.05,-564.89,12.912,-39.0,309.0,0,0,0
7ad,153,avoiding,direct,Training,2,-26.05,-564.89,12.93,-39.0,309.0,0,0,0
7ad,153,avoiding,direct,Training,2,-26.05,-564.89,12.945,-39.0,309.0,0,0,0
7ad,153,avoiding,direct,Training,2,-26.05,-564.89,12.962,-39.0,309.0,0,0,0
7ad,153,avoiding,direct,Training,2,-26.05,-564.89,12.979,-39.0,309.0,0,0,0
7ad,153,avoiding,direct,Training,2,-26.05,-564.89,12.995,-39.0,309.0,0,0,0
7ad,153,avoiding,direct,Training,2,-26.05,-564.89,13.014,-39.0,309.0,0,0,0
7ad,153,avoiding,direct,Training,2,-26.05,-564.89,13.028,-39.0,309.0,0,0,0
7ad,153,avoiding,direct,Training,2,-26.05,-564.89,13.045,-39.0,309.0,0,0,0
7ad,153,avoiding,direct,Training,2,-26.05,-564.89,13.064,-39.0,309.0,0,0,0
7ad,153,avoiding,direct,Training,2,-26.05,-564.89,13.078,-39.0,309.0,0,0,0
7ad,153,avoiding,direct,Training,2,-26.05,-564.89,13.095,-39.0,309.0,0,0,0
7ad,153,avoiding,direct,Training,2,-26.05,-564.89,13.114,-39.0,309.0,0,0,0
7ad,153,avoiding,direct,Training,2,-26.05,-564.89,13.13,-39.0,309.0,0,0,0
7ad,153,avoiding,direct,Training,2,-26.05,-564.89,13.145,-39.0,309.0,0,0,0
7ad,153,avoiding,direct,Training,2,-26.05,-564.89,13.162,-39.0,309.0,0,0,0
7ad,153,avoiding,direct,Training,2,-26.05,-564.89,13.179,-39.0,309.0,0,0,0
7ad,153,avoiding,direct,Training,2,-26.05,-564.89,13.195,-39.0,309.0,0,0,0
7ad,153,avoiding,direct,Training,2,-26.05,-564.89,13.212,-39.0,309.0,0,0,0
7ad,153,avoiding,direct,Training,2,-26.05,-564.89,13.23,-39.0,309.0,0,0,0
7ad,153,avoiding,direct,Training,2,-26.05,-564.89,13.245,-39.0,309.0,0,0,0
7ad,153,avoiding,direct,Training,2,-26.05,-564.89,13.262,-39.0,309.0,0,0,0
7ad,153,avoiding,direct,Training,2,-26.05,-564.89,13.279,-39.0,309.0,0,0,0
7ad,153,avoiding,direct,Training,2,-26.05,-564.89,13.295,-39.0,309.0,0,0,0
7ad,153,avoiding,direct,Training,2,-26.05,-564.89,13.314,-39.0,309.0,0,0,0
7ad,153,avoiding,direct,Training,2,-26.05,-564.89,13.33,-39.0,309.0,0,0,0
7ad,153,avoiding,direct,Training,2,-26.05,-564.89,13.345,-39.0,309.0,0,0,0
7ad,153,avoiding,direct,Training,2,-26.05,-564.89,13.364,-39.0,309.0,0,0,0
7ad,153,avoiding,direct,Training,2,-26.05,-564.89,13.379,-39.0,309.0,0,0,0
7ad,153,avoiding,direct,Training,2,-26.05,-564.89,13.396,-38.0,308.0,0,0,0
7ad,153,avoiding,direct,Training,2,-26.05,-564.89,13.412,-38.0,308.0,0,0,0
7ad,153,avoiding,direct,Training,2,-26.05,-564.89,13.43,-38.0,308.0,0,0,0
7ad,153,avoiding,direct,Training,2,-26.05,-564.89,13.447,-38.0,308.0,0,0,0
7ad,153,avoiding,direct,Training,2,-26.05,-564.89,13.462,-38.0,308.0,0,0,0
7ad,153,avoiding,direct,Training,2,-26.05,-564.89,13.479,-38.0,308.0,0,0,0
7ad,153,avoiding,direct,Training,2,-26.05,-564.89,13.496,-38.0,308.0,0,0,0
7ad,153,avoiding,direct,Training,2,-26.05,-564.89,13.512,-38.0,308.0,0,0,0
7ad,153,avoiding,direct,Training,2,-26.05,-564.89,13.528,-38.0,308.0,0,0,0
7ad,153,avoiding,direct,Training,2,-26.05,-564.89,13.545,-38.0,308.0,0,0,0
7ad,153,avoiding,direct,Training,2,-26.05,-564.89,13.562,-38.0,308.0,0,0,0
7ad,153,avoiding,direct,Training,2,-26.05,-564.89,13.579,-38.0,308.0,0,0,0
7ad,153,avoiding,direct,Training,2,-26.05,-564.89,13.595,-38.0,308.0,0,0,0
7ad,153,avoiding,direct,Training,2,-26.05,-564.89,13.612,-38.0,308.0,0,0,0
7ad,153,avoiding,direct,Training,2,-26.05,-564.89,13.629,-38.0,308.0,0,0,0
7ad,153,avoiding,direct,Training,2,-26.05,-564.89,13.645,-38.0,308.0,0,0,0
7ad,153,avoiding,direct,Training,2,-26.05,-564.89,13.662,-38.0,308.0,0,0,0
7ad,153,avoiding,direct,Training,2,-26.05,-564.89,13.679,-38.0,308.0,0,0,0
7ad,153,avoiding,direct,Training,2,-26.05,-564.89,13.695,-38.0,308.0,0,0,0
7ad,153,avoiding,direct,Training,2,-26.05,-564.89,13.712,-38.0,308.0,0,0,0
7ad,153,avoiding,direct,Training,2,-26.05,-564.89,13.729,-38.0,308.0,0,0,0
7ad,153,avoiding,direct,Training,2,-26.05,-564.89,13.747,-38.0,308.0,0,0,0
7ad,153,avoiding,direct,Training,2,-26.05,-564.89,13.764,-38.0,308.0,0,0,0
7ad,153,avoiding,direct,Training,2,-26.05,-564.89,13.779,-38.0,308.0,0,0,0
7ad,153,avoiding,direct,Training,2,-26.05,-564.89,13.795,-38.0,308.0,0,0,0
7ad,153,avoiding,direct,Training,2,-26.05,-564.89,13.812,-38.0,308.0,0,0,0
7ad,153,avoiding,direct,Training,2,-26.05,-564.89,13.829,-38.0,308.0,0,0,0
7ad,153,avoiding,direct,Training,2,-26.05,-564.89,13.845,-38.0,308.0,0,0,0
7ad,153,avoiding,direct,Training,2,-26.05,-564.89,13.862,-38.0,308.0,0,0,0
7ad,153,avoiding,direct,Training,2,-26.05,-564.89,13.878,-38.0,308.0,0,0,0
7ad,153,avoiding,direct,Training,2,-26.05,-564.89,13.895,-38.0,308.0,0,0,0
7ad,153,avoiding,direct,Training,2,-26.05,-564.89,13.912,-38.0,308.0,0,0,0
7ad,153,avoiding,direct,Training,2,-26.05,-564.89,13.929,-38.0,308.0,0,0,0
7ad,153,avoiding,direct,Training,2,-26.05,-564.89,13.945,-38.0,308.0,0,0,0
7ad,153,avoiding,direct,Training,2,-26.05,-564.89,13.962,-38.0,308.0,0,0,0
7ad,153,avoiding,direct,Training,2,-26.05,-564.89,13.979,-38.0,308.0,0,0,0
7ad,153,avoiding,direct,Training,2,-26.05,-564.89,13.995,-38.0,308.0,0,0,0
7ad,153,avoiding,direct,Training,2,-26.05,-564.89,14.014,-38.0,308.0,0,0,0
7ad,153,avoiding,direct,Training,2,-26.05,-564.89,14.029,-38.0,308.0,0,0,0
7ad,153,avoiding,direct,Training,2,-26.05,-564.89,14.045,-38.0,308.0,0,0,0
7ad,153,avoiding,direct,Training,2,-26.05,-564.89,14.062,-38.0,308.0,0,0,0
7ad,153,avoiding,direct,Training,2,-26.05,-564.89,14.079,-38.0,308.0,0,0,0
7ad,153,avoiding,direct,Training,2,-26.05,-564.89,14.095,-38.0,308.0,0,0,0
7ad,153,avoiding,direct,Training,2,-26.05,-564.89,14.112,-38.0,308.0,0,0,0
7ad,153,avoiding,direct,Training,2,-26.05,-564.89,14.129,-38.0,308.0,0,0,0
7ad,153,avoiding,direct,Training,2,-26.05,-564.89,14.147,-38.0,308.0,0,0,0
7ad,153,avoiding,direct,Training,2,-26.05,-564.89,14.162,-38.0,308.0,0,0,0
7ad,153,avoiding,direct,Training,2,-26.05,-564.89,14.179,-38.0,308.0,0,0,0
7ad,153,avoiding,direct,Training,2,-26.05,-564.89,14.197,-38.0,308.0,0,0,0
7ad,153,avoiding,direct,Training,2,-26.05,-564.89,14.212,-38.0,308.0,0,0,0
7ad,153,avoiding,direct,Training,2,-26.05,-564.89,14.229,-38.0,308.0,0,0,0
7ad,153,avoiding,direct,Training,2,-26.05,-564.89,14.245,-38.0,308.0,0,0,0
7ad,153,avoiding,direct,Training,2,-26.05,-564.89,14.262,-38.0,308.0,0,0,0
7ad,153,avoiding,direct,Training,2,-26.05,-564.89,14.279,-38.0,308.0,0,0,0
7ad,153,avoiding,direct,Training,2,-26.05,-564.89,14.295,-38.0,308.0,0,0,0
7ad,153,avoiding,direct,Training,2,-26.05,-564.89,14.312,-38.0,308.0,0,0,0
7ad,153,avoiding,direct,Training,2,-26.05,-564.89,14.329,-38.0,308.0,0,0,0
7ad,153,avoiding,direct,Training,2,-26.05,-564.89,14.345,-38.0,308.0,0,0,0
7ad,153,avoiding,direct,Training,2,-26.05,-564.89,14.362,-38.0,308.0,0,0,0
7ad,153,avoiding,direct,Training,2,-26.05,-564.89,14.379,-38.0,308.0,0,0,0
7ad,153,avoiding,direct,Training,2,-26.05,-564.89,14.396,-38.0,308.0,0,0,0
7ad,153,avoiding,direct,Training,2,-26.05,-564.89,14.412,-38.0,308.0,0,0,0
7ad,153,avoiding,direct,Training,2,-26.05,-564.89,14.429,-38.0,308.0,0,0,0
7ad,153,avoiding,direct,Training,2,-26.05,-564.89,14.445,-38.0,308.0,0,0,0
7ad,153,avoiding,direct,Training,2,-26.05,-564.89,14.462,-38.0,308.0,0,0,0
7ad,153,avoiding,direct,Training,2,-26.05,-564.89,14.479,-38.0,308.0,0,0,0
7ad,153,avoiding,direct,Training,2,-26.05,-564.89,14.495,-38.0,308.0,0,0,0
7ad,153,avoiding,direct,Training,2,-26.05,-564.89,14.512,-38.0,308.0,0,0,0
7ad,153,avoiding,direct,Training,2,-26.05,-564.89,14.529,-38.0,308.0,0,0,0
7ad,153,avoiding,direct,Training,2,-26.05,-564.89,14.545,-38.0,308.0,0,0,0
7ad,153,avoiding,direct,Training,2,-26.05,-564.89,14.562,-38.0,308.0,0,0,0
7ad,153,avoiding,direct,Training,2,-26.05,-564.89,14.579,-38.0,308.0,0,0,0
7ad,153,avoiding,direct,Training,2,-26.05,-564.89,14.596,-38.0,308.0,0,0,0
7ad,153,avoiding,direct,Training,2,-26.05,-564.89,14.612,-38.0,308.0,0,0,0
7ad,153,avoiding,direct,Training,2,-26.05,-564.89,14.634,-38.0,308.0,0,0,0
7ad,153,avoiding,direct,Training,2,-26.05,-564.89,14.65,-38.0,308.0,0,0,0
7ad,153,avoiding,direct,Training,2,-26.05,-564.89,14.667,-38.0,308.0,0,0,0
7ad,153,avoiding,direct,Training,2,-26.05,-564.89,14.684,-38.0,308.0,0,0,0
7ad,153,avoiding,direct,Training,2,-26.05,-564.89,14.7,-38.0,308.0,0,0,0
7ad,153,avoiding,direct,Training,2,-26.05,-564.89,14.717,-38.0,308.0,0,0,0
7ad,153,avoiding,direct,Training,2,-26.05,-564.89,14.734,-38.0,308.0,0,0,0
7ad,153,avoiding,direct,Training,2,-26.05,-564.89,14.75,-38.0,308.0,0,0,0
7ad,153,avoiding,direct,Training,2,-26.05,-564.89,14.767,-38.0,308.0,0,0,0
7ad,153,avoiding,direct,Training,2,-26.05,-564.89,14.784,-38.0,308.0,0,0,0
7ad,153,avoiding,direct,Training,2,-26.05,-564.89,14.8,-38.0,308.0,0,0,0
7ad,153,avoiding,direct,Training,2,-26.05,-564.89,14.817,-38.0,308.0,0,0,0
7ad,153,avoiding,direct,Training,2,-26.05,-564.89,14.834,-38.0,308.0,0,0,0
7ad,153,avoiding,direct,Training,2,-26.05,-564.89,14.85,-38.0,308.0,0,0,0
7ad,153,avoiding,direct,Training,2,-26.05,-564.89,14.867,-38.0,308.0,0,0,0
7ad,153,avoiding,direct,Training,2,-26.05,-564.89,14.884,-38.0,308.0,0,0,0
7ad,153,avoiding,direct,Training,2,-26.05,-564.89,14.9,-38.0,308.0,0,0,0
7ad,153,avoiding,direct,Training,2,-26.05,-564.89,14.917,-38.0,308.0,0,0,0
7ad,153,avoiding,direct,Training,2,-26.05,-564.89,14.934,-38.0,308.0,0,0,0
7ad,153,avoiding,direct,Training,2,-26.05,-564.89,14.95,-38.0,308.0,0,0,0
7ad,153,avoiding,direct,Training,2,-26.05,-564.89,14.967,-38.0,308.0,0,0,0
7ad,153,avoiding,direct,Training,2,-26.05,-564.89,14.984,-38.0,308.0,0,0,0
7ad,153,avoiding,direct,Training,2,-26.05,-564.89,15.0,-38.0,308.0,0,0,0
7ad,153,avoiding,direct,Training,2,-26.05,-564.89,15.017,-38.0,308.0,0,0,0
7ad,153,avoiding,direct,Training,2,-26.05,-564.89,15.034,-38.0,308.0,0,0,0
7ad,153,avoiding,direct,Training,2,-26.05,-564.89,15.05,-38.0,308.0,0,0,0
7ad,153,avoiding,direct,Training,2,-26.05,-564.89,15.067,-38.0,308.0,0,0,0
7ad,153,avoiding,direct,Training,2,-26.05,-564.89,15.084,-38.0,308.0,0,0,0
7ad,153,avoiding,direct,Training,2,-26.05,-564.89,15.1,-38.0,308.0,0,0,0
7ad,153,avoiding,direct,Training,2,-26.05,-564.89,15.117,-38.0,308.0,0,0,0
7ad,153,avoiding,direct,Training,2,-26.05,-564.89,15.134,-38.0,308.0,0,0,0
7ad,153,avoiding,direct,Training,2,-26.05,-564.89,15.15,-38.0,308.0,0,0,0
7ad,153,avoiding,direct,Training,2,-26.05,-564.89,15.167,-38.0,308.0,0,0,0
7ad,153,avoiding,direct,Training,2,-26.05,-564.89,15.184,-38.0,308.0,0,0,0
7ad,153,avoiding,direct,Training,2,-26.05,-564.89,15.2,-38.0,308.0,0,0,0
7ad,153,avoiding,direct,Training,2,-26.05,-564.89,15.213,-38.0,308.0,0,0,0
7ad,153,avoiding,direct,Training,2,-26.05,-564.89,15.234,-38.0,308.0,0,0,0
7ad,153,avoiding,direct,Training,2,-26.05,-564.89,15.25,-38.0,308.0,0,0,0
7ad,153,avoiding,direct,Training,2,-26.05,-564.89,15.267,-38.0,308.0,0,0,0
7ad,153,avoiding,direct,Training,2,-26.05,-564.89,15.283,-38.0,308.0,0,0,0
7ad,153,avoiding,direct,Training,2,-26.05,-564.89,15.3,-38.0,308.0,0,0,0
7ad,153,avoiding,direct,Training,2,-26.05,-564.89,15.317,-38.0,308.0,0,0,0
7ad,153,avoiding,direct,Training,2,-26.05,-564.89,15.33,-38.0,308.0,0,0,0
7ad,153,avoiding,direct,Training,2,-26.05,-564.89,15.35,-38.0,308.0,0,0,0
7ad,153,avoiding,direct,Training,2,-26.05,-564.89,15.367,-38.0,308.0,0,0,0
7ad,153,avoiding,direct,Training,2,-26.05,-564.89,15.384,-38.0,308.0,0,0,0
7ad,153,avoiding,direct,Training,2,-26.05,-564.89,15.4,-38.0,308.0,0,0,0
7ad,153,avoiding,direct,Training,2,-26.05,-564.89,15.417,-38.0,308.0,0,0,0
7ad,153,avoiding,direct,Training,2,-26.05,-564.89,15.431,-38.0,308.0,0,0,0
7ad,153,avoiding,direct,Training,2,-26.05,-564.89,15.45,-38.0,308.0,0,0,0
7ad,153,avoiding,direct,Training,2,-26.05,-564.89,15.467,-38.0,308.0,0,0,0
7ad,153,avoiding,direct,Training,2,-26.05,-564.89,15.484,-38.0,308.0,0,0,0
7ad,153,avoiding,direct,Training,2,-26.05,-564.89,15.5,-38.0,308.0,0,0,0
7ad,153,avoiding,direct,Training,2,-26.05,-564.89,15.517,-38.0,308.0,0,0,0
7ad,153,avoiding,direct,Training,2,-26.05,-564.89,15.534,-38.0,308.0,0,0,0
7ad,153,avoiding,direct,Training,2,-26.05,-564.89,15.551,-37.0,308.0,0,0,0
7ad,153,avoiding,direct,Training,2,-26.05,-564.89,15.568,-35.0,308.0,0,0,0
7ad,153,avoiding,direct,Training,2,-26.05,-564.89,15.584,-30.0,307.0,0,0,0
7ad,153,avoiding,direct,Training,2,-26.05,-564.89,15.601,-17.0,306.0,0,0,0
7ad,153,avoiding,direct,Training,2,-26.05,-564.89,15.617,-5.0,307.0,0,0,0
7ad,153,avoiding,direct,Training,2,-26.05,-564.89,15.632,8.0,308.0,0,0,0
7ad,153,avoiding,direct,Training,2,-26.05,-564.89,15.651,24.0,310.0,0,0,0
7ad,153,avoiding,direct,Training,2,-26.05,-564.89,15.667,33.0,312.0,0,0,0
7ad,153,avoiding,direct,Training,2,-26.05,-564.89,15.684,36.0,312.0,0,0,0
7ad,153,avoiding,direct,Training,2,-26.05,-564.89,15.7,36.0,312.0,0,0,0
7ad,153,avoiding,direct,Training,2,-26.05,-564.89,15.717,36.0,312.0,0,0,0
7ad,153,avoiding,direct,Training,2,-26.05,-564.89,15.734,36.0,312.0,0,0,0
7ad,153,avoiding,direct,Training,2,-26.05,-564.89,15.75,36.0,312.0,0,0,0
7ad,153,avoiding,direct,Training,2,-26.05,-564.89,15.767,36.0,312.0,0,0,0
7ad,153,avoiding,direct,Training,2,-26.05,-564.89,15.784,36.0,312.0,0,0,0
7ad,153,avoiding,direct,Training,2,-26.05,-564.89,15.8,36.0,312.0,0,0,0
7ad,153,avoiding,direct,Training,2,-26.05,-564.89,15.817,36.0,312.0,0,0,0
7ad,153,avoiding,direct,Training,2,-26.05,-564.89,15.829,36.0,312.0,0,0,0
7ad,153,avoiding,direct,Training,2,-26.05,-564.89,15.846,36.0,313.0,0,0,0
7ad,153,avoiding,direct,Training,2,-26.05,-564.89,15.862,36.0,313.0,0,0,0
7ad,153,avoiding,direct,Training,2,-26.05,-564.89,15.879,37.0,315.0,0,0,0
7ad,153,avoiding,direct,Training,2,-26.05,-564.89,15.896,37.0,322.0,0,0,0
7ad,153,avoiding,direct,Training,2,-26.05,-564.89,15.913,37.0,340.0,0,0,0
7ad,153,avoiding,direct,Training,2,-26.05,-564.89,15.929,37.0,355.0,0,0,0
7ad,153,avoiding,direct,Training,2,-26.05,-564.89,15.946,37.0,373.0,0,0,0
7ad,153,avoiding,direct,Training,2,-26.05,-564.89,15.963,37.0,391.0,0,0,0
7ad,153,avoiding,direct,Training,2,-26.05,-564.89,15.979,37.0,395.0,0,0,0
7ad,153,avoiding,direct,Training,2,-26.05,-564.89,15.995,37.0,395.0,0,0,0
7ad,153,avoiding,direct,Training,2,-26.05,-564.89,16.012,37.0,395.0,0,0,0
7ad,153,avoiding,direct,Training,2,-26.05,-564.89,16.029,37.0,397.0,0,0,0
7ad,153,avoiding,direct,Training,2,-26.05,-564.89,16.046,37.0,406.0,0,0,0
7ad,153,avoiding,direct,Training,2,-26.05,-564.89,16.063,37.0,426.0,0,0,0
7ad,153,avoiding,direct,Training,2,-26.05,-564.89,16.079,37.0,443.0,0,0,0
7ad,153,avoiding,direct,Training,2,-26.05,-564.89,16.096,37.0,459.0,0,0,0
7ad,153,avoiding,direct,Training,2,-26.05,-564.89,16.113,37.0,468.0,0,0,0
7ad,153,avoiding,direct,Training,2,-26.05,-564.89,16.129,37.0,479.0,0,0,0
7ad,153,avoiding,direct,Training,2,-26.05,-564.89,16.146,37.0,493.0,0,0,0
7ad,153,avoiding,direct,Training,2,-26.05,-564.89,16.162,37.0,503.0,0,0,0
7ad,153,avoiding,direct,Training,2,-26.05,-564.89,16.181,37.0,513.0,0,0,0
7ad,153,avoiding,direct,Training,2,-26.05,-564.89,16.196,37.0,526.0,0,0,0
7ad,153,avoiding,direct,Training,2,-26.05,-564.89,16.215,37.0,549.0,0,0,0
7ad,153,avoiding,direct,Training,2,-26.05,-564.89,16.229,37.0,557.0,0,0,0
7ad,153,avoiding,direct,Training,2,-26.05,-564.89,16.246,37.0,572.0,0,0,0
7ad,153,avoiding,direct,Training,2,-26.05,-564.89,16.263,37.0,580.0,0,0,0
7ad,153,avoiding,direct,Training,2,-26.05,-564.89,16.279,37.0,591.0,0,0,0
7ad,153,avoiding,direct,Training,2,-26.05,-564.89,16.296,37.0,611.0,0,0,0
7ad,153,avoiding,direct,Training,2,-26.05,-564.89,16.312,37.0,629.0,0,0,0
7ad,153,avoiding,direct,Training,2,-26.05,-564.89,16.329,38.0,648.0,0,0,0
7ad,153,avoiding,direct,Training,2,-26.05,-564.89,16.346,38.0,660.0,0,0,0
7ad,153,avoiding,direct,Training,2,-26.05,-564.89,16.363,38.0,672.0,0,0,0
7ad,153,avoiding,direct,Training,2,-26.05,-564.89,16.379,38.0,682.0,0,0,0
7ad,153,avoiding,direct,Training,2,-26.05,-564.89,16.396,38.0,692.0,0,0,0
7ad,153,avoiding,direct,Training,2,-26.05,-564.89,16.413,38.0,698.0,0,0,0
7ad,153,avoiding,direct,Training,2,-26.05,-564.89,16.429,38.0,702.0,0,0,0
7ad,153,avoiding,direct,Training,2,-26.05,-564.89,16.446,38.0,707.0,0,0,0
7ad,153,avoiding,direct,Training,2,-26.05,-564.89,16.463,38.0,714.0,0,0,0
7ad,153,avoiding,direct,Training,2,-26.05,-564.89,16.479,38.0,723.0,0,0,0
7ad,153,avoiding,direct,Training,2,-26.05,-564.89,16.496,38.0,730.0,0,0,0
7ad,153,avoiding,direct,Training,2,-26.05,-564.89,16.513,38.0,735.0,0,0,0
7ad,153,avoiding,direct,Training,2,-26.05,-564.89,16.529,38.0,739.0,0,0,0
7ad,153,avoiding,direct,Training,2,-26.05,-564.89,16.546,38.0,746.0,0,0,0
7ad,153,avoiding,direct,Training,2,-26.05,-564.89,16.563,38.0,751.0,0,0,0
7ad,153,avoiding,direct,Training,2,-26.05,-564.89,16.579,39.0,754.0,0,0,0
7ad,153,avoiding,direct,Training,2,-26.05,-564.89,16.596,39.0,756.0,0,0,0
7ad,153,avoiding,direct,Training,2,-26.05,-564.89,16.613,39.0,758.0,0,0,0
7ad,153,avoiding,direct,Training,2,-26.05,-564.89,16.629,39.0,765.0,0,0,0
7ad,153,avoiding,direct,Training,2,-26.05,-564.89,16.646,39.0,770.0,0,0,0
7ad,153,avoiding,direct,Training,2,-26.05,-564.89,16.663,38.0,777.0,0,0,0
7ad,153,avoiding,direct,Training,2,-26.05,-564.89,16.679,38.0,782.0,0,0,0
7ad,153,avoiding,direct,Training,2,-26.05,-564.89,16.696,38.0,785.0,0,0,0
7ad,153,avoiding,direct,Training,2,-26.05,-564.89,16.712,38.0,786.0,0,0,0
7ad,153,avoiding,direct,Training,2,-26.05,-564.89,16.729,38.0,787.0,0,0,0
7ad,153,avoiding,direct,Training,2,-26.05,-564.89,16.746,38.0,787.0,0,0,0
7ad,153,avoiding,direct,Training,2,-26.05,-564.89,16.762,38.0,787.0,0,0,0
7ad,153,avoiding,direct,Training,2,-26.05,-564.89,16.779,38.0,788.0,0,0,0
7ad,153,avoiding,direct,Training,2,-26.05,-564.89,16.796,38.0,788.0,0,0,0
7ad,153,avoiding,direct,Training,2,-26.05,-564.89,16.812,38.0,788.0,0,0,0
7ad,153,avoiding,direct,Training,2,-26.05,-564.89,16.829,38.0,789.0,0,0,0
7ad,153,avoiding,direct,Training,2,-26.05,-564.89,16.846,38.0,789.0,0,0,0
7ad,153,avoiding,direct,Training,2,-26.05,-564.89,16.864,38.0,789.0,0,0,0
7ad,153,avoiding,direct,Training,2,-26.05,-564.89,16.879,38.0,789.0,0,0,0
7ad,153,avoiding,direct,Training,2,-26.05,-564.89,16.896,38.0,789.0,0,0,0
7ad,153,avoiding,direct,Training,2,-26.05,-564.89,16.912,38.0,789.0,0,0,0
7ad,153,avoiding,direct,Training,2,-26.05,-564.89,16.929,38.0,789.0,0,0,0
7ad,153,avoiding,direct,Training,2,-26.05,-564.89,16.946,38.0,789.0,0,0,0
7ad,153,avoiding,direct,Training,2,-26.05,-564.89,16.962,38.0,789.0,0,0,0
7ad,153,avoiding,direct,Training,2,-26.05,-564.89,16.979,38.0,789.0,0,0,0
7ad,153,avoiding,direct,Training,2,-26.05,-564.89,16.995,38.0,789.0,0,0,0
7ad,153,avoiding,direct,Training,2,-26.05,-564.89,17.012,38.0,789.0,0,0,0
7ad,153,avoiding,direct,Training,2,-26.05,-564.89,17.03,38.0,788.0,0,0,0
7ad,153,avoiding,direct,Training,2,-26.05,-564.89,17.046,38.0,788.0,0,0,0
7ad,153,avoiding,direct,Training,2,-26.05,-564.89,17.062,38.0,788.0,0,0,0
7ad,153,avoiding,direct,Training,2,-26.05,-564.89,17.079,38.0,788.0,0,0,0
7ad,153,avoiding,direct,Training,2,-26.05,-564.89,17.096,38.0,788.0,0,0,0
7ad,153,avoiding,direct,Training,2,-26.05,-564.89,17.112,38.0,788.0,0,0,0
7ad,153,avoiding,direct,Training,2,-26.05,-564.89,17.129,38.0,788.0,0,0,0
7ad,153,avoiding,direct,Training,2,-26.05,-564.89,17.146,38.0,788.0,0,0,0
7ad,153,avoiding,direct,Training,2,-26.05,-564.89,17.162,38.0,788.0,0,0,0
7ad,153,avoiding,direct,Training,2,-26.05,-564.89,17.179,38.0,788.0,0,0,0
7ad,153,avoiding,direct,Training,2,-26.05,-564.89,17.197,38.0,788.0,0,0,0
7ad,153,avoiding,direct,Training,2,-26.05,-564.89,17.212,38.0,788.0,0,0,0
7ad,153,avoiding,direct,Training,2,-26.05,-564.89,17.229,38.0,788.0,0,0,0
7ad,153,avoiding,direct,Training,2,-26.05,-564.89,17.246,38.0,788.0,0,0,0
7ad,153,avoiding,direct,Training,2,-26.05,-564.89,17.264,38.0,788.0,0,0,0
7ad,153,avoiding,direct,Training,2,-26.05,-564.89,17.279,38.0,788.0,0,0,0
7ad,153,avoiding,direct,Training,2,-26.05,-564.89,17.296,37.0,789.0,0,0,0
7ad,153,avoiding,direct,Training,2,-26.05,-564.89,17.313,37.0,795.0,0,0,0
7ad,153,avoiding,direct,Training,2,-26.05,-564.89,17.329,37.0,809.0,0,0,0
7ad,153,avoiding,direct,Training,2,-26.05,-564.89,17.346,37.0,822.0,0,0,0
7ad,153,avoiding,direct,Training,2,-26.05,-564.89,17.363,37.0,832.0,0,0,0
7ad,153,avoiding,direct,Training,2,-26.05,-564.89,17.379,37.0,839.0,0,0,0
7ad,153,avoiding,direct,Training,2,-26.05,-564.89,17.396,37.0,841.0,0,0,0
7ad,153,avoiding,direct,Training,2,-26.05,-564.89,17.412,37.0,841.0,0,0,0
7ad,153,avoiding,direct,Training,2,-26.05,-564.89,17.429,37.0,841.0,0,0,0
7ad,153,avoiding,direct,Training,2,-26.05,-564.89,17.446,37.0,842.0,0,0,0
7ad,153,avoiding,direct,Training,2,-26.05,-564.89,17.463,37.0,845.0,0,0,0
7ad,153,avoiding,direct,Training,2,-26.05,-564.89,17.479,37.0,850.0,0,0,0
7ad,153,avoiding,direct,Training,2,-26.05,-564.89,17.496,37.0,857.0,0,0,0
7ad,153,avoiding,direct,Training,2,-26.05,-564.89,17.513,37.0,862.0,0,0,0
7ad,153,avoiding,direct,Training,2,-26.05,-564.89,17.53,38.0,868.0,0,0,0
7ad,153,avoiding,direct,Training,2,-26.05,-564.89,17.546,38.0,870.0,0,0,0
7ad,153,avoiding,direct,Training,2,-26.05,-564.89,17.563,38.0,871.0,0,0,0
7ad,153,avoiding,direct,Training,2,-26.05,-564.89,17.579,38.0,871.0,0,0,0
7ad,153,avoiding,direct,Training,2,-26.05,-564.89,17.596,38.0,871.0,0,0,0
7ad,153,avoiding,direct,Training,2,-26.05,-564.89,17.612,38.0,871.0,0,0,0
7ad,153,avoiding,direct,Training,2,-26.05,-564.89,17.634,38.0,872.0,0,0,0
7ad,153,avoiding,direct,Training,2,-26.05,-564.89,17.651,38.0,872.0,0,0,0
7ad,153,avoiding,direct,Training,2,-26.05,-564.89,17.668,38.0,874.0,0,0,0
7ad,153,avoiding,direct,Training,2,-26.05,-564.89,17.684,38.0,877.0,0,0,0
7ad,153,avoiding,direct,Training,2,-26.05,-564.89,17.701,38.0,879.0,0,0,0
7ad,153,avoiding,direct,Training,2,-26.05,-564.89,17.718,38.0,880.0,0,0,0
7ad,153,avoiding,direct,Training,2,-26.05,-564.89,17.734,38.0,883.0,0,0,0
7ad,153,avoiding,direct,Training,2,-26.05,-564.89,17.751,38.0,886.0,0,0,0
7ad,153,avoiding,direct,Training,2,-26.05,-564.89,17.768,38.0,887.0,0,0,0
7ad,153,avoiding,direct,Training,2,-26.05,-564.89,17.784,38.0,887.0,0,0,0
7ad,153,avoiding,direct,Training,2,-26.05,-564.89,17.801,38.0,888.0,0,0,0
7ad,153,avoiding,direct,Training,2,-26.05,-564.89,17.817,38.0,888.0,0,0,0
7ad,153,avoiding,direct,Training,2,-26.05,-564.89,17.834,38.0,888.0,0,0,0
7ad,153,avoiding,direct,Training,2,-26.05,-564.89,17.851,38.0,889.0,0,0,0
7ad,153,avoiding,direct,Training,2,-26.05,-564.89,17.867,38.0,889.0,0,0,0
7ad,153,avoiding,direct,Training,2,-26.05,-564.89,17.884,38.0,889.0,0,0,0
7ad,153,avoiding,direct,Training,2,-26.05,-564.89,17.901,38.0,889.0,0,0,0
7ad,153,avoiding,direct,Training,2,-26.05,-564.89,17.917,38.0,889.0,0,0,0
7ad,153,avoiding,direct,Training,2,-26.05,-564.89,17.934,38.0,889.0,0,0,0
7ad,153,avoiding,direct,Training,2,-26.05,-564.89,17.951,38.0,889.0,0,0,0
7ad,153,avoiding,direct,Training,2,-26.05,-564.89,17.967,38.0,889.0,0,0,0
7ad,153,avoiding,direct,Training,2,-26.05,-564.89,17.984,38.0,889.0,0,0,0
7ad,153,avoiding,direct,Training,2,-26.05,-564.89,18.001,38.0,889.0,0,0,0
7ad,153,avoiding,direct,Training,2,-26.05,-564.89,18.017,38.0,889.0,0,0,0
7ad,153,avoiding,direct,Training,2,-26.05,-564.89,18.034,38.0,889.0,0,0,0
7ad,153,avoiding,direct,Training,2,-26.05,-564.89,18.051,38.0,889.0,0,0,0
7ad,153,avoiding,direct,Training,2,-26.05,-564.89,18.067,38.0,889.0,0,0,0
7ad,153,avoiding,direct,Training,2,-26.05,-564.89,18.084,38.0,889.0,0,0,0
7ad,153,avoiding,direct,Training,2,-26.05,-564.89,18.101,38.0,889.0,0,0,0
7ad,153,avoiding,direct,Training,2,-26.05,-564.89,18.117,38.0,889.0,0,0,0
7ad,153,avoiding,direct,Training,2,-26.05,-564.89,18.134,38.0,889.0,0,0,0
7ad,153,avoiding,direct,Training,2,-26.05,-564.89,18.151,38.0,889.0,0,0,0
7ad,153,avoiding,direct,Training,2,-26.05,-564.89,18.167,38.0,889.0,0,0,0
7ad,153,avoiding,direct,Training,2,-26.05,-564.89,18.184,38.0,889.0,0,0,0
7ad,153,avoiding,direct,Training,2,-26.05,-564.89,18.201,38.0,890.0,0,0,0
7ad,153,avoiding,direct,Training,2,-26.05,-564.89,18.217,38.0,890.0,0,0,0
7ad,153,avoiding,direct,Training,2,-26.05,-564.89,18.234,38.0,890.0,0,0,0
7ad,153,avoiding,direct,Training,2,-26.05,-564.89,18.251,38.0,890.0,0,0,0
7ad,153,avoiding,direct,Training,2,-26.05,-564.89,18.267,38.0,890.0,0,0,0
7ad,153,avoiding,direct,Training,2,-26.05,-564.89,18.284,38.0,890.0,0,0,0
7ad,153,avoiding,direct,Training,2,-26.05,-564.89,18.301,38.0,890.0,0,0,0
7ad,153,avoiding,direct,Training,2,-26.05,-564.89,18.317,38.0,890.0,0,0,0
7ad,153,avoiding,direct,Training,2,-26.05,-564.89,18.334,38.0,891.0,0,0,0
7ad,153,avoiding,direct,Training,2,-26.05,-564.89,18.351,38.0,891.0,0,0,0
7ad,153,avoiding,direct,Training,2,-26.05,-564.89,18.367,38.0,891.0,0,0,0
7ad,153,avoiding,direct,Training,2,-26.05,-564.89,18.384,38.0,891.0,0,0,0
7ad,153,avoiding,direct,Training,2,-26.05,-564.89,18.401,38.0,891.0,0,0,0
7ad,153,avoiding,direct,Training,2,-26.05,-564.89,18.417,38.0,891.0,0,0,0
7ad,153,avoiding,direct,Training,2,-26.05,-564.89,18.429,38.0,891.0,0,0,0
7ad,153,avoiding,direct,Training,2,-26.05,-564.89,18.446,38.0,891.0,0,0,0
7ad,153,avoiding,direct,Training,2,-26.05,-564.89,18.462,38.0,891.0,0,0,0
7ad,153,avoiding,direct,Training,2,-26.05,-564.89,18.479,38.0,891.0,0,0,0
7ad,153,avoiding,direct,Training,2,-26.05,-564.89,18.496,38.0,891.0,0,0,0
7ad,153,avoiding,direct,Training,2,-26.05,-564.89,18.514,38.0,891.0,0,0,0
7ad,153,avoiding,direct,Training,2,-26.05,-564.89,18.529,38.0,891.0,0,0,0
7ad,153,avoiding,direct,Training,2,-26.05,-564.89,18.546,38.0,891.0,0,0,0
7ad,153,avoiding,direct,Training,2,-26.05,-564.89,18.562,38.0,891.0,0,0,0
7ad,153,avoiding,direct,Training,2,-26.05,-564.89,18.579,38.0,891.0,0,0,0
7ad,153,avoiding,direct,Training,2,-26.05,-564.89,18.596,38.0,891.0,0,0,0
7ad,153,avoiding,direct,Training,2,-26.05,-564.89,18.612,38.0,891.0,0,0,0
7ad,153,avoiding,direct,Training,2,-26.05,-564.89,18.63,37.0,891.0,0,0,0
7ad,153,avoiding,direct,Training,2,-26.05,-564.89,18.648,37.0,891.0,0,0,0
7ad,153,avoiding,direct,Training,2,-26.05,-564.89,18.662,37.0,891.0,0,0,0
7ad,153,avoiding,direct,Training,2,-26.05,-564.89,18.679,37.0,891.0,0,0,0
7ad,153,avoiding,direct,Training,2,-26.05,-564.89,18.696,37.0,891.0,0,0,0
7ad,153,avoiding,direct,Training,2,-26.05,-564.89,18.713,37.0,891.0,0,0,0
7ad,153,avoiding,direct,Training,2,-26.05,-564.89,18.729,37.0,891.0,0,0,0
7ad,153,avoiding,direct,Training,2,-26.05,-564.89,18.746,37.0,891.0,0,0,0
7ad,153,avoiding,direct,Training,2,-26.05,-564.89,18.762,37.0,891.0,0,0,0
7ad,153,avoiding,direct,Training,2,-26.05,-564.89,18.779,37.0,891.0,0,0,0
7ad,153,avoiding,direct,Training,2,-26.05,-564.89,18.798,37.0,891.0,0,0,0
7ad,153,avoiding,direct,Training,2,-26.05,-564.89,18.812,37.0,891.0,0,0,0
7ad,153,avoiding,direct,Training,2,-26.05,-564.89,18.829,37.0,891.0,0,0,0
7ad,153,avoiding,direct,Training,2,-26.05,-564.89,18.846,37.0,891.0,0,0,0
7ad,153,avoiding,direct,Training,2,-26.05,-564.89,18.863,37.0,891.0,0,0,0
7ad,153,avoiding,direct,Training,2,-26.05,-564.89,18.879,37.0,891.0,0,0,0
7ad,153,avoiding,direct,Training,2,-26.05,-564.89,18.896,37.0,891.0,0,0,0
7ad,153,avoiding,direct,Training,2,-26.05,-564.89,18.913,37.0,891.0,0,0,0
7ad,153,avoiding,direct,Training,2,-26.05,-564.89,18.929,37.0,891.0,0,0,0
7ad,153,avoiding,direct,Training,2,-26.05,-564.89,18.946,37.0,891.0,0,0,0
7ad,153,avoiding,direct,Training,2,-26.05,-564.89,18.964,37.0,891.0,0,0,0
7ad,153,avoiding,direct,Training,2,-26.05,-564.89,18.979,37.0,891.0,0,0,0
7ad,153,avoiding,direct,Training,2,-26.05,-564.89,18.998,37.0,891.0,0,0,0
7ad,153,avoiding,direct,Training,2,-26.05,-564.89,19.012,37.0,891.0,0,0,0
7ad,153,avoiding,direct,Training,2,-26.05,-564.89,19.029,37.0,891.0,0,0,0
7ad,153,avoiding,direct,Training,2,-26.05,-564.89,19.046,37.0,891.0,0,0,0
7ad,153,avoiding,direct,Training,2,-26.05,-564.89,19.064,37.0,891.0,0,0,0
7ad,153,avoiding,direct,Training,2,-26.05,-564.89,19.079,37.0,891.0,0,0,0
7ad,153,avoiding,direct,Training,2,-26.05,-564.89,19.096,37.0,891.0,0,0,0
7ad,153,avoiding,direct,Training,2,-26.05,-564.89,19.113,37.0,891.0,0,0,0
7ad,153,avoiding,direct,Training,2,-26.05,-564.89,19.129,37.0,891.0,0,0,0
7ad,153,avoiding,direct,Training,2,-26.05,-564.89,19.148,37.0,891.0,0,0,0
7ad,153,avoiding,direct,Training,2,-26.05,-564.89,19.162,37.0,891.0,0,0,0
7ad,153,avoiding,direct,Training,2,-26.05,-564.89,19.18,37.0,891.0,1,0,0
7ad,153,avoiding,direct,Training,2,-26.05,-564.89,19.196,37.0,891.0,1,0,0
7ad,153,avoiding,direct,Training,2,-26.05,-564.89,19.212,37.0,891.0,1,0,0
7ad,153,avoiding,direct,Training,2,-26.05,-564.89,19.231,37.0,891.0,1,0,0
7ad,153,avoiding,direct,Training,2,-26.05,-564.89,19.248,37.0,891.0,1,0,0
7ad,153,avoiding,direct,Training,2,-26.05,-564.89,19.263,37.0,891.0,1,0,0
7ad,153,avoiding,direct,Training,2,-26.05,-564.89,19.281,37.0,891.0,1,0,0
7ad,153,avoiding,direct,Training,2,-26.05,-564.89,19.296,37.0,891.0,1,0,0
7ad,153,avoiding,direct,Training,2,-26.05,-564.89,19.315,37.0,891.0,0,0,0
